Sex	Length	Age
2	166	32
1	139	17
1	97	12
2	93	9
1	86	5
1	74	6
1	85	8
1	120	9
1	95	9
2	108	8
2	114	9
1	124	19
1	130	28
1	139	20
1	202	20
1	133	17
1	136	17
1	112	10
2	202	30
2	83	8
2	84	7
1	86	9
2	92	7
1	105	12
1	117	15
1	122	14
1	129	16
2	128	12
2	134	12
2	153	13
2	138	13
2	159	12
2	178	28
2	186	18
2	145	12
2	156	12
1	167	12
2	174	15
1	169	18
2	169	14
2	178	15
2	181	19
2	79	5
1	79	11
1	94	21
1	103	14
1	115	13
1	118	14
1	118	11
2	127	9
1	130	14
2	145	14
2	157	16
2	163	14
2	166	14
1	79	13
1	106	13
2	106	12
1	109	16
1	109	9
1	121	13
1	127	16
1	133	14
1	148	13
1	151	20
2	157	12
2	178	22
1	184	26
2	217	23
1	79	6
2	97	10
1	97	7
1	100	9
1	103	14
1	103	17
2	109	9
1	109	9
2	124	22
1	124	7
2	127	8
1	127	11
1	127	15
1	130	9
2	130	9
2	130	11
2	130	12
1	130	8
2	130	8
2	133	12
2	133	10
2	136	14
1	136	18
1	139	25
1	142	22
1	151	11
2	163	11
2	187	38
2	196	26
2	202	26
2	217	28
1	112	14
2	130	9
2	136	12
2	184	25
2	159	12
2	118	8
2	175	19
1	97	9
1	115	9
1	118	13
1	118	12
1	94	10
1	97	16
1	100	9
1	100	15
2	88	7
2	88	8
2	103	10
1	118	11
2	157	11
1	82	12
1	85	9
2	91	9
2	100	9
2	100	7
1	103	14
1	106	12
1	109	16
2	115	12
2	50	3
1	39	3
1	103	13
1	58	6
1	124	17
1	133	14
2	148	13
2	151	12
2	157	18
2	172	13
1	94	9
2	94	10
1	97	12
1	97	17
1	106	10
1	109	10
2	115	10
2	121	12
1	124	15
2	124	12
2	127	9
2	127	8
2	130	15
2	130	11
2	136	10
2	136	16
2	145	15
2	157	15
2	184	24
2	190	21
2	112	11
1	124	8
1	124	10
1	130	10
2	151	14
2	166	12
2	184	21
2	193	31
2	94	12
1	127	24
2	139	10
2	139	10
1	139	9
1	142	12
2	145	11
1	148	25
2	148	16
2	154	12
2	196	29
2	196	22
2	208	26
2	211	28
1	88	9
2	94	6
2	103	9
1	112	11
1	115	9
2	124	10
1	130	25
1	136	20
1	142	29
2	145	8
2	52	6
2	105	7
1	94	10
1	87	9
1	82	6
1	78	14
1	91	9
1	86	9
1	103	23
1	103	16
2	121	11
2	106	7
1	85	9
2	82	10
1	85	9
2	85	7
1	88	6
2	100	9
2	103	10
1	106	14
2	109	11
1	112	8
2	115	6
2	121	8
1	127	12
1	82	8
1	94	10
1	74	5
2	115	8
1	88	10
2	154	13
2	94	10
2	115	7
2	94	7
1	103	12
2	91	6
2	106	12
2	106	6
1	55	5
1	93	9
1	96	7
1	108	9
2	169	14
2	166	16
1	82	7
2	82	6
1	109	11
2	121	8
2	124	7
1	106	9
2	124	7
2	124	11
1	124	7
1	103	10
2	115	6
1	136	10
2	127	9
1	82	5
2	82	6
2	91	6
2	100	6
2	100	5
1	100	5
2	109	7
2	109	7
1	115	8
2	115	8
2	124	7
1	136	9
1	62	6
1	66	6
1	85	8
1	88	12
1	103	13
2	175	23
2	181	21
2	184	17
2	84	7
1	77	7
2	103	14
2	103	11
1	73	6
2	133	13
1	76	9
2	118	8
2	65.2	5
1	87	7
2	97	8
2	112	11
2	130	11
1	115	9
2	73	9
1	52	6
2	31	2
2	121	7
1	88	10
1	91	11
1	94	9
1	100	15
2	61	4
1	75	7
2	131	7
2	93	6
2	85	7
1	72	7
1	73	6
2	48	4
1	34	3
1	64	5
2	94	10
1	105	8
2	89	7
1	71	6
2	142	12
1	82	6
1	53	5
1	70	11
1	103	15
2	141	12
2	184	19
1	79	6
2	85	6
1	122	11
2	85	6
2	100	7
1	85	6
2	98	7
2	116	7
2	114	10
2	94	6
2	127	8
1	58	6
2	98	7
2	155	15
2	148	14
2	154	15
2	163	15
2	78	7
2	70.2	6
1	68	5
1	57	7
1	62	7
1	60	6
2	66	6
2	60	8
2	91	5
2	143	13
2	46	5
2	50	4
2	145	12
1	145	24
2	184	30
1	49	3
1	148	42
1	85	12
1	108	10
2	178	13
1	99	15
2	118	10
2	127	16
1	97	16
1	97	16
1	133	12
1	100	13
1	100	16
1	124	17
2	202	28
2	142	8
2	142	11
2	157	18
2	157	13
1	103	7
1	133	19
2	112	8
2	130	12
1	64	5
2	52	3
2	166	14
1	94	8
1	42	3
2	46	4
2	47	4
2	45	4
1	47	3
2	85	6
2	142	10
2	133	13
2	193	29
2	58	6
1	90	7
1	130	16
2	85	6
1	91	6
2	100	7
2	70	7
2	88	7
1	85	8
2	100	9
2	133	11
2	148	8
1	82	10
2	85	11
2	88	8
1	91	6
2	91	10
1	94	9
2	94	11
1	100	9
1	100	13
1	100	11
1	109	12
2	109	10
2	109	8
1	115	8
1	115	15
1	115	8
1	118	12
2	127	11
2	130	11
2	136	8
2	145	12
1	82	7
1	82	7
1	82	5
2	82	11
2	85	6
2	85	11
1	88	16
1	91	8
2	91	10
1	94	17
2	94	8
1	97	12
1	100	17
1	106	14
1	106	12
2	112	11
1	115	14
1	115	16
2	118	10
2	118	7
2	139	14
2	145	11
1	82	8
2	82	12
2	82	9
2	82	13
2	85	8
1	88	9
1	88	12
1	91	12
2	91	6
2	94	10
2	94	9
1	97	15
2	103	7
2	112	9
1	118	15
1	124	12
2	136	15
2	94	9
2	97	8
1	103	11
1	121	12
2	121	12
2	133	8
1	82	10
1	85	9
1	85	9
2	85	7
1	88	10
1	88	12
1	88	10
2	88	6
1	91	8
2	91	8
1	94	10
2	100	9
1	103	9
1	103	17
2	103	11
1	106	12
1	106	13
2	106	13
2	106	9
1	112	16
2	112	7
2	112	8
1	115	10
2	115	9
1	118	9
1	118	13
2	118	8
2	118	8
1	121	15
1	121	12
2	121	10
1	44	3
1	83	10
1	91	8
1	77	7
1	118	11
2	139	10
2	97	5
1	65	5
2	130	9
2	133	11
2	82	6
1	124	16
2	142	10
1	85	7
1	106	13
1	118	16
1	124	16
2	145	12
2	145	12
2	154	15
2	169	18
2	169	19
2	94	6
1	139	14
2	163	23
1	62	6
2	98	9
2	72	7
2	135	13
1	124	13
1	124	13
2	124	10
2	124	9
2	127	11
2	127	9
2	127	9
2	127	10
2	130	11
2	130	12
2	130	10
2	136	10
2	139	9
2	142	13
2	142	12
2	145	11
2	145	10
2	145	13
2	148	12
2	148	14
2	148	12
2	151	9
2	154	15
2	154	12
2	157	14
2	163	16
2	196	18
2	82	6
1	88	13
1	91	11
1	91	13
1	91	10
2	91	8
1	94	6
2	94	8
1	97	10
2	97	11
2	97	7
1	100	15
1	103	8
2	103	9
1	106	7
2	106	9
2	109	11
2	109	12
2	109	9
1	112	11
1	112	7
1	112	15
1	112	13
2	112	10
2	112	9
1	115	9
1	115	13
1	118	11
2	118	12
1	121	11
2	121	9
2	121	12
2	121	11
2	121	11
1	124	16
2	124	16
2	124	10
1	127	15
1	130	13
1	133	9
2	133	14
2	133	9
1	136	13
1	139	19
2	139	17
2	139	12
2	139	13
2	142	15
2	142	16
2	148	12
2	151	18
2	154	14
2	154	18
2	154	11
2	154	14
2	157	13
2	160	14
2	160	16
2	160	13
2	163	13
2	163	16
2	163	17
2	163	15
2	166	15
2	166	17
2	172	13
2	172	20
2	172	23
2	175	21
2	178	23
2	181	21
2	196	26
1	79	6
1	91	13
2	91	6
2	94	5
2	97	8
2	97	8
2	100	7
2	103	7
1	106	8
2	106	8
2	106	7
1	106	5
2	106	11
1	115	23
2	115	11
1	118	11
2	118	8
1	118	8
2	118	9
1	127	10
1	130	9
2	130	10
1	130	12
2	130	11
2	133	10
1	136	9
2	136	10
2	136	14
2	139	14
2	139	11
2	139	12
2	139	11
1	142	26
1	145	13
1	145	14
1	145	12
1	148	11
1	151	18
2	151	15
2	160	13
2	166	18
2	172	20
2	178	22
2	181	27
2	193	22
1	70	9
1	76	7
1	82	10
2	82	10
2	82	9
1	82	10
2	88	9
1	88	13
2	91	7
1	94	13
1	100	8
1	103	9
1	103	12
2	106	12
2	106	7
2	112	7
1	115	16
2	115	9
2	115	10
2	118	9
1	118	14
2	118	11
1	121	20
2	127	9
1	127	11
1	130	9
2	130	10
1	133	9
1	136	9
2	136	10
2	145	13
1	148	14
2	148	13
1	154	16
2	166	15
2	172	16
2	181	24
2	184	16
2	184	15
2	190	21
2	193	32
2	76	5
1	82	7
1	85	8
1	94	7
1	97	12
2	97	12
1	100	9
2	112	8
1	115	19
1	118	15
1	118	14
2	127	9
1	127	14
2	136	12
2	142	11
2	145	14
1	148	13
2	154	13
1	157	11
2	157	14
2	157	13
2	160	14
2	96	11
1	84	10
1	70	7
2	68	7
1	84.5	6
1	59	5
1	163	16
2	73	6
2	58.1	5
1	67	7
0	73	6
1	100	6
2	153	11
2	94	10
2	79	9
2	77	9
1	74	8
1	81	8
1	69	7
1	87	12
1	78	7
2	80	6
2	89	7
2	67	5
1	82	15
2	70	9
2	107	10
1	85	8
1	74	9
1	63	5
2	42	4
1	109	11
2	112	13
1	89	8
2	72	6
2	50	4
1	110	12
1	102	14
2	93	9
1	97	9
2	97	11
2	172	17
1	82	6
2	217	27
1	115	12
1	129	22
1	91	10
2	107	12
1	111	7
1	131	12
1	82	8
1	85	7
2	88	5
2	142	8
1	157	15
2	94	9
2	130	8
1	81	11
2	85	7
2	86	6
1	85	16
2	88	10
1	88	8
2	89	9
2	90	11
2	92	12
2	95	7
2	96	8
1	98	15
2	100	9
1	99	17
2	100	8
1	106	11
1	107	16
1	108	15
1	109	11
1	110	18
2	118	9
2	120	9
1	124	12
2	124	12
2	125	11
2	128	9
2	130	7
1	131	18
2	131	7
2	133	10
2	138	11
2	140	15
2	142	15
1	131	11
2	148	12
2	149	10
2	149	12
2	151	11
1	139	18
2	155	11
2	156	12
2	140	10
2	157	10
2	160	12
2	162	14
2	166	10
2	168	12
2	169	16
2	169	16
2	190	25
2	157	11
1	166	29
2	166	11
2	169	14
2	169	11
1	193	16
2	193	16
2	196	23
2	196	23
1	76	13
2	82	7
2	91	8
1	94	6
2	97	12
2	97	7
1	109	15
2	109	9
1	112	13
2	115	12
2	118	8
2	121	9
1	121	13
2	121	8
2	136	12
2	139	11
2	142	13
1	142	14
2	145	9
1	145	16
2	148	14
2	151	9
2	160	14
2	160	15
2	172	16
2	85	7
2	100	6
2	100	7
1	103	9
2	103	11
1	112	8
1	118	18
1	121	16
1	121	16
2	124	9
2	127	10
2	127	7
1	130	15
2	130	12
2	133	8
2	136	14
1	139	9
2	142	11
1	142	24
1	151	13
1	154	25
1	154	11
1	157	14
2	157	17
1	160	13
2	166	10
2	166	13
2	169	9
2	175	11
2	175	16
1	178	13
2	181	15
2	184	18
2	196	16
1	214	24
1	76	7
1	79	8
2	79	7
1	79	8
2	94	8
1	94	8
1	97	14
1	103	10
1	103	8
2	103	9
1	106	15
1	106	8
1	109	14
2	112	7
2	112	6
1	112	14
2	115	11
1	115	8
1	115	11
2	115	8
2	118	14
1	118	14
2	118	15
1	118	9
2	118	7
1	118	18
1	121	17
1	121	13
1	121	14
2	121	7
1	121	7
1	121	15
2	121	7
1	124	11
1	127	9
2	127	11
2	127	9
2	127	10
1	127	14
2	130	9
1	130	15
1	133	16
1	133	16
1	133	12
2	133	12
2	136	13
2	136	11
1	139	25
2	139	11
1	139	9
1	142	11
2	142	8
1	145	12
2	145	11
2	148	10
1	148	20
2	148	11
2	148	12
2	151	10
2	157	12
1	160	9
2	160	15
1	163	24
2	163	11
2	175	14
2	175	17
2	178	15
2	178	22
2	181	14
2	181	16
2	187	17
2	187	24
2	190	19
2	79	8
2	79	7
1	82	6
1	85	12
1	88	8
2	88	5
1	94	11
2	100	7
2	103	7
1	106	7
1	106	13
2	106	10
1	109	12
2	112	9
1	112	8
2	115	8
1	115	7
2	115	9
2	115	7
1	118	17
2	118	8
2	124	9
2	124	9
1	127	27
2	127	8
2	130	7
1	130	7
2	133	10
1	133	11
1	136	13
1	145	9
2	145	9
2	154	9
2	163	9
2	169	14
2	175	18
2	178	17
2	187	18
2	127	8
2	88	7
2	85	12
1	85	8
2	127	12
1	82	8
1	82	8
1	102	8
1	130	15
2	118	7
2	117	9
1	115	6
2	160	11
2	91	6
2	196	25
2	148	10
2	87	6
2	157	11
2	62	4
2	149	14
1	148	27
2	172	24
2	151	6
2	45	4
2	44	4
1	90	10
2	160	15
1	35	3
0	19	2
2	18	2
2	157	12
2	100	9
2	97	9
1	97	9
2	112	7
1	109	12
2	100	9
2	145	12
1	103	11
1	115	10
1	138	16
2	106	8
1	100	6
1	109	11
2	148	9
2	106	8
2	121	6
1	85	8
2	161	11
1	94	8
1	127	8
2	139	10
2	154	10
2	139	8
2	109	14
2	115	11
1	92	11
1	126	9
2	85	8
1	97	9
2	97	7
2	106	7
1	115	8
2	100	9
2	109	12
1	172	9
2	103	6
2	106	7
2	134	8
2	136	9
2	100	9
1	100	7
1	121	7
2	94	7
2	66	5
1	112	7
2	64	5
1	91	7
2	82	6
2	94	5
2	94	6
2	82	6
2	97	6
2	94	6
2	91	7
2	88	6
2	94	7
2	103	6
2	112	7
2	100	7
1	60	4
1	89	8
1	43	5
2	79	5
1	62	7
1	76	4
2	130	16
1	92.5	7
2	48	5
1	30	2
2	29	2
2	109	9
2	97	9
2	160	14
2	142	18
2	166	15
2	139	9
2	151	12
2	118	11
1	99	12
2	145	12
2	82	10
1	81	11
2	79	15
2	124	12
2	157	12
1	109	13
2	160	13
2	136	10
1	178	14
1	127	14
2	163	9
2	133	10
1	121	11
2	127	13
2	127	14
1	112	11
1	133	11
1	127	11
2	76	9
1	100	10
2	133	9
2	88	11
2	145	10
2	145	12
2	82	8
2	175	20
1	106	12
1	82	7
1	48	3
1	90	8
2	97	6
2	110	9
2	113	8
1	85	7
1	88	6
1	97	8
1	100	10
1	103	13
2	103	9
1	106	10
2	109	9
2	121	8
1	153	12
2	127	11
2	127	8
1	130	12
1	130	11
2	130	13
2	139	14
2	151	13
2	151	9
2	157	12
1	85	8
2	106	7
2	121	9
2	121	9
2	124	8
2	130	12
2	97	7
2	106	12
2	118	9
1	103	15
2	130	10
1	109	7
2	118	8
2	136	10
2	142	7
2	88	6
1	91	7
1	94	6
1	106	14
2	106	7
2	106	8
1	109	8
2	115	9
1	121	18
1	121	23
1	121	15
1	124	30
1	127	18
1	127	22
1	127	22
1	130	19
1	130	13
1	133	16
2	133	9
2	142	12
2	145	17
2	145	12
1	148	28
1	148	19
2	163	15
2	169	14
2	172	20
1	91	7
2	91	7
2	115	8
2	124	8
1	142	12
1	145	13
2	157	14
2	85	7
1	91	7
1	91	7
2	94	7
2	94	8
2	100	7
1	109	8
1	112	11
2	130	9
1	130	24
2	133	10
1	100	12
2	109	10
1	112	14
2	118	8
1	118	12
2	139	8
2	160	11
2	163	12
2	79	6
2	91	10
2	118	7
1	136	9
2	85	7
2	91	8
2	94	5
1	103	12
1	109	6
2	112	8
2	115	6
2	118	7
2	118	8
2	130	7
2	88	6
2	91	5
1	97	6
2	106	5
2	106	6
1	115	7
2	121	8
1	121	6
2	82	5
2	148	10
2	66	6
2	58	5
2	59	5
2	107	10
2	101	11
2	56	5
2	53	4
1	76	7
2	85	12
1	95	11
2	93	7
1	110	11
1	116	15
2	118	9
1	119	8
1	113	14
1	85	7
1	97	10
1	97	8
2	143	10
2	97	11
2	97	11
1	100	12
1	100	10
1	103	10
2	103	12
2	103	8
2	106	7
2	106	10
2	106	5
1	109	10
2	109	6
2	109	9
2	109	6
2	112	10
2	112	7
2	121	12
2	121	12
2	121	10
2	124	11
1	127	12
2	127	12
2	127	8
1	130	12
2	130	9
2	136	9
1	139	11
2	139	13
2	161	14
2	139	9
2	160	15
2	82	9
1	85	9
2	173	12
1	85	14
1	85	6
2	85	9
2	85	7
1	88	10
1	91	9
1	94	9
2	94	9
2	94	7
1	97	6
1	97	8
2	97	7
2	97	8
1	100	9
2	100	8
2	100	8
2	100	12
1	103	12
1	103	8
1	103	11
2	103	8
2	103	8
1	106	10
1	106	13
2	106	7
2	106	7
1	109	8
1	109	7
1	109	7
2	109	6
2	109	8
1	112	13
1	112	10
2	112	6
2	112	6
2	112	8
2	118	8
2	121	10
1	124	30
2	124	6
2	124	13
1	127	30
2	127	10
2	127	10
1	130	11
2	130	12
2	133	11
2	136	11
2	139	13
2	142	14
2	142	11
2	148	14
2	184	15
1	82	6
1	85	8
1	85	9
2	88	10
1	91	8
1	91	12
1	91	11
2	91	10
1	94	6
2	94	10
2	97	8
1	103	12
1	106	12
2	106	7
2	106	8
1	109	10
1	109	13
1	109	13
1	112	15
2	112	7
1	115	11
2	115	7
1	118	11
1	121	10
1	121	7
1	121	22
1	121	26
1	130	20
2	133	7
2	139	13
1	142	25
2	154	17
1	82	11
1	82	13
1	82	9
2	85	8
2	85	7
2	94	9
1	97	12
2	97	11
1	103	9
2	103	10
1	109	15
2	109	9
2	139	14
1	91	11
1	97	14
2	109	11
2	118	11
2	130	10
2	85	7
1	88	7
1	88	15
2	88	8
2	88	8
2	91	9
1	94	9
1	94	7
2	94	8
2	94	8
2	94	6
1	97	8
1	97	12
1	97	9
2	97	9
2	103	9
2	103	6
1	106	10
1	106	9
2	106	8
2	106	7
1	109	16
1	109	6
2	109	9
2	109	7
2	109	11
2	109	9
2	109	8
1	112	14
2	112	8
2	112	9
1	115	17
1	115	9
1	115	14
2	115	7
1	118	8
1	118	8
2	118	8
2	118	8
1	121	11
2	121	10
1	124	16
2	124	11
2	124	10
2	124	12
1	130	20
2	130	6
1	133	18
1	133	13
2	133	13
1	136	18
2	145	10
2	145	10
1	82	6
1	88	9
1	94	6
2	97	9
1	100	17
1	100	13
1	100	9
2	100	8
2	100	7
1	103	10
2	103	8
1	106	11
1	112	20
1	115	16
2	118	12
2	118	13
2	118	12
1	121	16
2	130	16
1	136	19
2	136	12
2	136	13
2	136	13
2	139	17
2	142	15
2	157	10
2	160	16
2	172	15
2	199	23
2	88	6
1	88	7
1	91	13
2	94	9
2	103	7
1	103	13
2	103	7
2	106	10
1	106	9
1	109	18
2	109	7
1	115	14
1	115	21
1	121	14
2	121	8
1	121	8
1	121	17
1	124	9
2	127	7
2	133	11
2	136	9
1	139	27
1	139	18
1	139	11
2	142	13
1	142	26
2	145	13
2	148	11
2	148	12
2	148	14
2	151	12
2	154	13
2	154	11
2	157	13
2	157	11
2	169	11
2	181	26
2	202	24
2	73	11
1	79	8
2	79	8
2	79	8
2	79	8
2	88	6
2	97	7
1	97	8
2	97	7
2	103	9
2	103	7
1	106	10
1	106	7
1	109	14
1	115	10
1	118	9
1	124	8
1	124	21
2	127	11
2	127	13
2	133	10
1	133	6
1	136	21
1	160	13
2	160	16
2	163	12
1	163	23
2	169	16
2	190	24
2	88	6
2	100	7
2	103	6
2	187	12
1	103	11
2	118	8
2	142	10
2	79	5
1	82	6
2	124	11
1	124	14
2	124	14
1	127	8
2	130	10
2	133	8
2	160	8
1	163	10
2	169	11
2	172	11
2	79	8
2	79	5
1	82	5
2	82	7
1	85	5
2	85	5
2	88	5
2	88	6
1	94	6
1	97	10
2	100	6
2	103	6
2	103	5
2	106	7
1	106	5
2	109	8
1	112	7
1	118	6
1	121	8
2	127	9
2	136	16
1	145	7
2	148	8
2	148	10
2	154	9
2	157	12
1	163	14
2	166	11
2	169	13
2	172	12
2	175	16
2	178	12
2	184	13
1	79	7
2	79	5
2	88	7
2	97	6
2	118	8
2	121	7
2	121	6
2	127	8
1	127	14
2	142	10
2	145	9
1	145	6
2	148	10
1	151	9
2	157	11
2	163	11
2	172	12
1	175	14
2	175	10
1	88	11
1	66.7	6
1	117	16
1	67	11
1	75	9
1	68	6
2	67	5
2	54	4
2	53	3
2	47	3
2	43	3
1	55	5
1	87	9
1	65	5
2	38	3
1	26	2
2	29	2
2	32	2
2	28	2
2	26	2
2	27	2
1	54	4
1	41	3
2	37	3
2	58	5
1	63	4
2	35	2
1	61	5
1	54	4
2	62	4
2	121	12
2	125	10
1	97	15
1	112	9
2	112	10
1	115	10
1	115	9
1	115	8
2	115	9
1	118	8
1	118	7
1	118	6
1	118	6
2	118	7
2	154	14
2	190	25
2	139	12
2	151	14
1	91	13
2	148	23
2	151	12
2	103	8
2	103	9
1	85	8
2	85	8
2	91	8
1	97	8
2	97	8
2	103	8
2	133	7
1	136	21
2	175	13
1	100	13
2	157	12
1	166	22
2	166	25
2	106	9
2	208	25
1	106	15
1	124	19
2	133	13
1	142	30
1	142	25
2	142	10
2	172	18
1	150	50
1	171	31.5
2	190	24
2	211	35
1	156	30
1	44	6
1	61	8
1	45	4
2	63	6
1	46	4
1	109	12
1	46	6
2	100	8
	84	9
2	26	3.5
1	122	21
2	158	19
1	83	9
1	55	5
1	48	5
2	45	5
1	49	4
1	38	4
2	38	4
2	53	4
2	34	3
2	36	3
1	84	10
1	89	9
2	109	8
2	60	5
1	47	3
1	44	3
2	35	3
1	80	11
1	63	9
1	85	9
1	80	9
1	69	8
1	98	8
1	65	7
1	83	7
1	92	7
2	108	7
1	50	6
1	90	6
1	76	6
1	59	6
2	93	6
2	73	6
2	51	6
1	58	5
1	62	5
1	67	5
1	99	5
2	39	5
2	50	5
2	54	5
2	53	5
1	33	4
1	41	4
1	39	4
1	40	4
1	50	4
1	41	4
1	54	4
1	45	4
2	38	4
2	51	4
2	44	4
2	56	4
2	36	4
2	53	4
2	43	4
1	34	3
1	29	3
2	38	3
2	36	3
2	25	2
2	133	14
2	82	9
2	91	6
1	84	5
1	106	12
1	111	9
2	97	6
2	92	6
2	86	5
1	107	11
2	105	10
1	108	9
1	117	9
2	87	9
1	98	8
2	140	8
1	89	7
1	81	7
1	82	7
2	119	7
2	113	7
1	83	5
2	163	15
2	115	8
2	95	6
2	173	15
2	166	14
2	147	13
1	127	9
2	109	8
2	127	7
1	109	14
1	100	13
1	91	12
1	99	12
1	93	12
2	154	12
2	121	12
1	92	11
1	86	10
1	118	9
2	153	9
2	128	9
1	94	8
1	96	8
1	103	8
2	137	8
2	84	8
2	141	8
2	90	8
2	111	8
2	83	7
2	132	7
1	88	6
2	85	6
2	98	6
2	81	5
2	93	5
2	144	11
2	138	9
1	106	18
1	105	15
1	110	13
1	65	8
1	77	8
1	75	8
1	75	7
1	62	7
1	51	7
1	62	7
1	78	7
1	70	7
1	59	7
1	62	7
2	49	7
1	78	6
1	38	6
1	63	6
1	84	6
1	59	6
1	45	6
1	46	6
1	49	6
2	89	6
2	53	6
2	76	6
2	70	6
2	105	6
2	56	6
2	63	6
2	74	6
2	49	6
2	69	6
2	81	6
0	70	5
1	45	5
1	51	5
1	59	5
1	52	5
1	43	5
1	36	5
1	56	5
1	61	5
2	47	5
2	53	5
2	57	5
2	74	5
2	70	5
2	60	5
1	48	4
1	55	4
1	40	4
1	51	4
1	49	4
1	33	4
1	35	4
1	37	4
1	50	4
1	42	4
1	40	4
1	56	4
1	53	4
2	52	4
2	48	4
2	41	4
2	49	4
1	30	3
1	42	3
1	37	3
1	36	3
1	42	3
2	35	3
2	37	3
1	32	2
2	17	2